n 250
m 10
k 6
G1:
V1
1 2 3 4 5 6 7 8 9 10 11 12 13 14 15 16 17 18 19 20 21 22 23 24 25 26 27 28 29 30 31 32 33 34 35 36 37 38 39
A1
(19,24) (37,39) (34,37) (6,31) (19,34) (6,9) (26,33) (21,33) (10,33) (7,26) (9,21) (12,23) (8,24) (21,24) (17,29) (32,33) (35,36) (2,28) (18,25) (21,35) (25,36) (5,12) (37,38) (12,17) (19,37) (2,23) (18,28) (15,30) (9,19) (12,29) (11,27) (23,28) (25,29) (18,20) (13,34) (26,29) (33,36) (29,33) (16,24) (8,30) (10,28) (8,23) (10,23) (31,38) (6,25) (27,38) (20,21) (8,33) (22,34) (10,16) (9,34) (27,39) (9,35) (15,31) (5,10) (1,2) (11,25) (26,28) (20,38) (1,27) (30,35) (29,39) (31,34) (30,33) (28,37) (24,28) (17,19) (22,37) (5,26) (27,32) (12,33) (32,36) (4,26) (5,17) (35,39) (31,37) (15,32) (11,24) (15,18) (22,31) (33,34) (3,16) (2,39) (16,32) (6,33) (32,39) (2,38) (21,31) (16,37) (16,34) (17,23) (27,36) (30,38) (11,26) (1,5) (28,32) (12,27) (19,36) (11,35) (17,21) (6,21) (28,39) (13,36) (32,35) (11,15) (23,33) (11,31) (2,5) (36,37) (4,29) (9,28) (26,31) (18,23) (25,39) (21,34) (15,36) (25,35) (27,34) (31,36) (30,36) (32,34) (10,31) (29,36) (8,35) (22,25) (5,30) (7,25) (1,7) (17,22) (28,33) (35,38) (33,39) (4,12) (5,19) (28,29) (38,39) (25,32) (26,36) (5,24) (19,20) (35,37) (33,37) (4,9) (15,16) (25,34) (19,33) (5,11) (10,12) (24,26) (22,23) (8,38) (36,38) (17,35) (19,35) (1,15) (15,39) (16,28) (7,14) (34,38) (34,35) (16,26) (29,38) (6,38) (14,24) (5,35) (8,31) (27,35) (27,28) (34,39) (4,8) (19,23) (1,22) (25,26) (23,31) (2,8) (19,30) (6,28) (15,17) (1,18) (3,7) (10,13) (5,18) (12,39) (13,14) (14,17) (22,36) (14,33) (1,28) (16,17) (6,35) (13,28) (13,29) (20,35) (13,39) (24,38) (5,25) (27,30) (20,37) (11,17) (4,18) (1,31) (16,27) (31,39) (17,24) (4,24) (15,38) (25,27) (20,25) (19,29) (23,35) (23,29) (20,34) (9,13) (28,38) (12,21) (26,39) (13,26) (20,27) (2,34) (2,26) (13,22) (9,20) (2,25) (24,30) (29,31) (12,31) (18,31) (7,28) (2,19) (5,9) (5,28) (36,39) (11,33) (30,32) (25,30) (3,21) (8,19) (7,21) (27,33) (11,37) (16,31) (28,30) (32,37) (6,13) (26,37) (4,19) (12,22) (32,38) (19,26) (19,27) (22,24) (2,32) (23,34) (14,15) (6,30) (10,11) (20,39) (14,28) (18,22) (28,31) (21,36) (9,14) (27,29) (19,28) (15,25) (9,31) (24,31) (16,29) (7,20) (30,31) (17,32) (24,36) (8,27) (2,37) (9,33) (6,36) (9,16) (16,23) (9,22) (14,19) (12,30) (20,28) (16,20) (12,25) (4,21) (4,36) (4,30) (20,33) (30,37) (10,15) (19,39) (23,25) (1,20) (14,29) (14,16) (7,24) (26,27) (15,35) (22,38) (13,38) (25,31) (6,20) (17,37) (12,20) (18,19) (11,28) (6,8) (29,32) (28,35) (16,22) (11,21) (31,33) (24,29) (12,19) (20,32) (5,36) (19,31) (3,10) (13,33) (31,32) (7,15) (20,36) (29,34) (5,15) (4,32) (10,14) (5,33) (33,35) (14,26) (18,29) (22,27) (3,35) (8,13) (2,20) (21,29) (33,38) (8,39) (26,34) (12,14) (2,31) (18,32) (7,33) (23,26) (2,30) (12,16) (17,38) (4,13) (21,22) (3,18) (25,38) (6,17) (13,35) (7,18) (9,17) (26,32) (1,12) (21,37) (17,28) (1,30) (1,13) (7,19) (10,30) (2,24) (14,25) (3,29) (21,28) (3,36) (14,18) (15,24) (29,37) (24,27) (17,36) (2,33) (1,8) (4,15) (27,37) (26,38) (2,18) (3,14) (8,14) (9,39) (1,24) (34,36) (15,27) (21,30) (18,24) (13,16) (19,32) (29,35) (5,37) (13,37) (24,32) (22,33) (1,3) (30,39) (18,26) (1,17) (26,35) (4,25) (8,11) (2,12) (30,34) (28,34) (2,13) (10,37) (3,20) (11,34) (23,32) (10,38) (6,19) (15,33) (24,25) (22,28) (12,35) (14,38) (10,17) (11,38) (2,36) (3,13) (12,34) (24,35) (9,18) (27,31) (13,15) (1,19) (18,36) (4,35) (9,15) (8,16) (9,11) (9,38) (22,39) (14,21) (22,32) (15,26) (25,37) (3,25) (14,20) (24,37) (4,10) (14,31) (3,31) (5,31) (3,5) (23,36) (15,22) (14,36) (17,25) (5,34) (15,28) (7,31) (13,31) (7,27) (7,30) (8,34) (1,26) (9,36) (8,26) (13,20) (5,7) (12,13) (17,31) (16,39) (3,23) (1,37) (20,23) (5,21) (14,39) (11,16) (4,31) (7,35) (20,22) (23,30) (18,33) (15,20) (16,33) (4,6) (8,17)
r:
5 9 5 7 4 1 3 7 9 8 9 1 4 9 4 6 8 8 1 6 4 8 6 8 8 7 10 3 8 4 5 4 4 8 3 7 5 4 5
t
3 7 8 7 9 7 9 6 3 2 5 3 5 8 6 9 6 4 6 8 7 1 9 8 5 4 6 7 5 6 6 1 4 4 7 8 5 1 6
tрн
18
tд
227
G2:
V2
40 41 42 43 44 45 46 47 48 49 50 51 52 53 54 55 56 57 58 59 60 61 62 63 64 65 66 67 68 69 70 71 72 73 74 75 76 77 78 79 80 81 82 83 84 85 86 87 88 89 90 91 92
A2
(75,77) (50,51) (85,88) (78,91) (70,78) (85,89) (78,82) (78,92) (50,74) (46,57) (48,78) (69,80) (49,81) (62,81) (79,86) (87,90) (58,87) (74,83) (65,70) (89,91) (41,52) (49,82) (71,80) (47,70) (69,86) (43,76) (53,92) (63,91) (75,76) (87,91) (56,81) (44,89) (54,76) (74,80) (54,61) (71,87) (70,90) (83,89)
r:
6 3 8 4 4 9 5 8 9 10 2 2 7 9 2 6 6 3 3 2 10 1 4 4 4 3 5 9 2 5 5 6 2 9 8 5 3 6 6 5 4 3 1 4 5 6 8 5 2 1 3 4 7
t
7 7 6 8 5 1 1 5 5 7 4 5 6 9 7 1 7 4 9 7 8 8 7 1 1 8 7 5 1 8 1 3 1 8 4 2 2 5 7 5 5 9 7 5 6 7 8 6 9 4 4 7 3
tрн
10
tд
24
G3:
V3
93 94 95 96 97 98 99 100 101 102 103 104 105 106 107 108 109 110 111 112 113 114 115 116 117 118 119 120 121 122 123 124 125 126 127 128 129 130 131 132 133 134 135 136 137 138 139 140 141 142 143 144 145 146 147 148 149 150
A3
(96,127) (139,147) (107,132) (119,142) (133,136) (120,143) (125,141) (143,144) (131,138) (101,144) (97,105) (118,128) (122,140) (113,125) (146,148) (144,147) (95,129) (135,149) (109,148) (118,150) (140,144) (109,112) (97,115) (119,129) (94,145) (122,123) (141,149) (100,126) (135,137) (95,140) (115,128) (107,110) (126,133) (114,140) (99,109) (117,120) (111,114) (93,144) (94,105) (103,105) (110,111) (144,149) (126,129) (120,127) (104,110) (144,148) (127,137) (99,110) (104,148) (135,138) (146,147) (139,143) (127,145) (126,128) (121,146) (99,143) (129,136) (97,109) (101,102) (123,135) (139,141) (123,149) (108,141) (120,146) (146,149) (132,133) (99,150) (105,131) (108,142) (124,135) (133,139) (93,96) (93,108) (114,146) (96,106) (117,126) (114,142) (137,148) (109,138) (100,136) (102,104) (115,137) (105,109) (93,126) (135,146) (144,146) (118,124) (147,148) (137,140) (121,122) (134,142) (130,133) (128,136) (105,122) (122,135) (123,146) (108,150) (102,149) (130,137) (95,112) (143,146) (117,141) (114,149) (111,134) (143,149) (94,97) (104,108) (149,150) (115,123) (94,142) (142,147) (96,112) (100,122) (95,149) (125,136) (103,112) (101,112) (97,146) (138,146) (94,130) (121,141) (117,133) (129,133) (93,122) (126,136) (112,119) (117,122) (123,132) (124,147) (107,133) (145,149) (117,129) (140,142) (99,117) (141,147) (116,147) (118,135) (115,120) (136,148) (138,149) (115,131) (138,140) (98,129) (117,144) (126,141) (108,118) (112,120) (102,105) (109,143) (145,150) (117,118) (122,125) (123,147) (107,109) (147,149) (96,148) (125,142) (100,125) (99,139) (130,134) (125,131) (101,106) (130,141) (133,145) (129,141) (133,134) (98,114) (110,138) (114,122) (108,121) (97,99) (116,138) (97,132) (101,114) (134,136) (118,126) (148,149) (105,137) (116,139) (116,137) (134,140) (116,131) (145,146) (103,108) (120,122) (126,135) (127,138) (128,146) (111,145) (120,140) (112,133) (128,144) (106,129) (135,148) (110,118) (98,143) (106,118) (128,141) (97,124) (118,137) (109,144) (145,148) (121,149) (113,131) (139,140) (140,145) (131,146) (103,123) (135,142) (100,114) (117,137) (143,147) (124,141) (106,137) (115,150) (109,127) (108,128) (141,148) (118,136) (136,138) (112,123) (111,112) (133,144) (110,148) (134,148) (140,141) (99,133) (120,142) (117,140) (108,123) (138,143) (148,150) (132,138) (140,143) (134,144) (96,132) (139,145) (135,141) (105,133) (137,144) (104,105) (128,149) (113,127) (114,129) (102,119) (136,137) (122,139) (142,148) (101,119) (130,142) (124,131) (129,134) (124,126) (125,135) (142,146) (110,128) (118,141) (132,144) (139,148) (96,104) (121,134) (137,149) (117,145) (113,114) (115,119) (136,144) (125,134) (100,140) (134,139) (119,132) (144,150) (117,143) (102,127) (99,104) (109,136) (114,144) (102,111) (132,145) (98,123) (133,137) (116,122) (131,149) (118,140) (127,148) (113,116) (117,146) (102,115) (94,100) (136,149) (98,145) (98,146) (99,146) (134,141) (100,149) (122,143) (136,140) (100,131) (94,135) (130,144) (107,147) (141,142) (101,127) (104,147) (103,127) (119,120) (124,145) (107,108) (127,143) (101,146) (131,140) (112,131) (106,115) (114,135) (94,126) (128,132) (117,123) (137,147) (141,146) (95,139) (99,122) (126,142) (106,123) (115,134) (137,150) (127,144) (110,130) (96,140) (115,147) (131,139) (109,140) (118,138) (126,134) (111,120) (115,144) (101,117) (111,135) (116,142) (107,145) (101,121) (121,131) (142,145) (131,132) (126,150) (103,136) (107,111) (117,136) (96,105) (108,149) (118,144) (105,141) (103,146) (93,95) (105,146) (124,146) (96,109) (144,145) (112,137) (119,134) (97,134) (137,142) (134,138) (99,116) (113,123) (102,121) (112,141) (136,147) (101,115) (110,129) (100,115) (134,146) (96,147) (106,145) (145,147) (100,127) (134,135) (102,116) (132,135) (111,122) (97,143) (99,131) (103,117) (130,148) (128,135) (113,119) (140,148) (122,127) (121,128) (102,145) (113,143) (97,127) (112,136) (121,147) (111,144) (116,135) (120,129) (112,134) (136,146) (133,149) (107,123) (111,113) (119,147) (143,150) (119,150) (111,137) (109,130) (118,134) (106,120) (93,114) (98,139) (116,129) (105,134) (120,134) (128,148) (95,131) (106,119) (108,122) (123,143) (136,139) (110,114) (106,146) (127,139) (115,127) (108,115) (122,142) (94,98) (100,113) (96,117) (125,150) (116,145) (109,133) (113,128) (109,123) (95,127) (96,146) (114,128) (130,135) (135,145) (100,116) (138,141) (135,144) (100,123) (117,132) (94,108) (100,121) (106,133) (103,148) (136,145) (126,138) (124,125) (104,135) (139,149) (105,106) (131,137) (105,127) (141,150) (133,146) (97,138) (139,144) (103,133) (101,118) (106,135) (127,129) (114,124) (109,128) (127,132) (133,143) (100,142) (99,128) (127,147) (138,148) (120,131) (94,99) (93,111) (103,111) (113,135) (97,125) (102,137) (110,133) (120,145) (105,117) (116,146) (125,132) (130,149) (113,129) (99,147) (119,137) (100,108) (108,109) (129,145) (96,121) (147,150) (108,127) (94,109) (142,144) (113,122) (106,142) (106,144) (123,127) (105,129) (115,129) (115,121) (93,98) (101,145) (93,100) (107,149) (112,124) (141,144) (108,130) (135,147) (116,118) (142,149) (123,124) (116,119) (100,128) (137,141) (123,125) (101,122) (140,147) (106,128) (93,129) (95,123) (103,142) (100,147) (123,126) (131,150) (105,113) (94,137) (95,146) (104,132) (103,122) (96,116) (124,142) (133,140) (102,106) (100,130) (131,142) (99,106) (110,113) (98,111) (96,102) (98,119) (96,122) (132,139) (110,149) (138,139) (109,147) (127,150) (132,134) (104,106) (94,139) (116,132) (122,129) (118,147) (133,141) (143,145) (121,142) (98,116) (127,135) (129,137) (114,139) (106,149) (104,122) (124,144) (110,137) (120,136) (114,136) (113,142) (95,142) (94,148) (137,143) (116,134) (138,142) (124,149) (129,146) (140,146) (118,119) (104,126) (104,142) (113,121) (95,102) (121,144) (111,131) (101,108) (101,140) (127,142) (115,117) (137,146) (112,115) (132,147) (93,130) (123,137) (95,133) (119,145) (99,103) (94,110) (109,131) (119,136) (130,147) (123,129) (98,144) (138,144) (106,107) (110,115) (113,118) (128,133) (111,119) (131,148) (123,142) (103,115) (105,121) (125,129) (99,114) (125,130) (125,146) (107,113) (104,107) (95,130) (101,136) (117,119) (105,147) (126,130) (99,105) (98,107) (130,132) (120,132) (111,141) (110,135) (135,143) (99,125) (134,145) (121,136) (95,96) (129,140) (106,108) (136,142) (98,106) (106,116) (126,147) (108,145) (102,139) (124,134) (114,119) (101,137) (111,132) (103,141) (139,150) (110,146) (141,145) (120,138) (112,126) (101,132) (138,147) (105,112) (127,128) (111,128) (107,134) (101,111) (96,145) (96,120) (126,127) (115,138) (115,141) (117,139) (98,112) (102,107) (108,137) (105,144) (106,143) (118,122) (110,132) (115,146) (95,141) (97,131) (125,133) (111,146) (125,139) (99,137) (99,121) (93,112) (127,140) (98,128) (109,139) (102,146) (108,112) (129,142) (95,125) (141,143) (102,138) (126,146) (114,121) (128,143) (132,149) (94,124) (126,144) (105,139) (99,149) (137,145) (116,140) (104,143) (128,147) (98,137) (140,150) (123,136) (107,126) (104,124) (105,108) (108,146) (102,144) (129,135) (113,137) (138,145) (134,150) (115,116) (131,133) (119,148) (109,119) (105,136) (99,119) (135,136) (106,147) (104,134) (107,143) (102,133) (133,147) (118,143) (119,130) (111,123) (126,140) (93,116) (114,118) (102,131) (106,117) (101,129) (129,147) (104,121) (118,131) (100,134) (124,132) (136,143) (108,117) (113,146) (114,148) (118,130) (96,111) (96,130) (122,141) (132,148) (129,132) (115,143) (112,121) (99,142) (114,127) (119,124) (119,122) (111,136) (131,143) (103,118) (113,138) (100,135) (103,113) (101,126) (130,145) (100,110) (127,130) (103,124) (128,142) (94,95) (93,138) (127,136) (143,148) (116,121) (111,149) (128,138) (122,146) (125,140) (102,120) (114,131) (110,134) (123,148) (118,132) (94,121) (128,137) (103,137) (97,147) (123,138) (121,148) (111,138) (121,125) (109,135) (129,139) (107,131) (93,99) (122,132) (98,134) (130,131) (94,102) (103,130) (130,136) (103,116) (135,140) (117,124) (118,139) (108,129) (105,123) (115,136) (106,127) (103,149) (111,147) (128,130) (115,126) (116,143) (99,112) (95,114) (120,135) (95,99) (107,121) (99,115) (113,126) (112,140) (121,129) (119,146) (110,112) (97,102) (117,121) (105,145) (116,128) (100,104) (117,127) (137,139) (104,139) (121,145) (110,145) (97,119) (125,143) (95,120) (108,135) (134,149) (126,149) (97,144) (110,121) (107,140) (98,121) (96,103) (93,139) (133,142) (119,143) (108,111) (132,140) (124,136) (138,150) (132,143) (102,117) (128,129) (110,150) (122,128) (108,132) (111,117) (127,134) (101,124) (109,121) (94,101) (123,145) (124,138) (97,149) (119,126) (107,138) (94,125) (131,144) (111,140) (114,117) (118,120) (113,145) (103,106) (116,126) (103,131) (126,143) (114,132) (133,138) (125,127) (97,107) (107,125) (112,128) (107,136) (103,109) (109,113) (125,147) (106,114) (93,147) (124,139) (109,125) (97,128) (99,140) (121,132) (112,125) (124,148) (104,128) (108,139) (98,118) (97,101) (115,130) (134,137) (120,126) (119,149) (109,129) (137,138) (125,126) (93,110) (104,109) (110,122) (95,135) (94,123) (125,149) (117,135) (118,125) (129,143) (105,143) (118,149) (121,123) (109,114) (123,133) (126,132) (122,133) (109,132) (139,146) (126,131) (104,129) (96,100) (133,148) (102,110) (103,107) (142,143) (100,144) (97,108) (116,124) (120,125) (102,135) (119,139) (93,117) (93,142) (114,137) (107,116) (112,145) (113,149) (98,136) (99,132) (102,118) (107,122) (97,137) (104,137) (112,135) (95,119) (113,115) (109,110) (115,135) (100,106) (116,136) (134,147) (111,124) (101,147) (132,136) (116,120) (121,133) (107,141) (96,143) (124,128) (123,131) (115,124) (120,128) (104,144) (124,133) (108,134) (115,148) (127,146) (97,126) (104,117) (112,147) (114,123) (130,143) (121,126) (131,136) (115,140) (119,128) (111,148) (93,113) (115,122) (102,108) (99,126) (121,138) (115,149) (119,121) (96,134) (119,131) (101,113) (96,123) (125,144) (94,127) (100,146) (98,120) (103,129) (102,136) (99,107) (101,131) (95,97) (105,135) (129,150) (128,139) (98,140) (108,114) (121,124) (113,124) (104,125) (119,138) (97,112) (127,131) (131,145) (116,149) (128,134) (102,125) (103,119) (139,142) (120,141) (103,147) (129,148) (102,143) (105,126) (146,150) (125,148) (94,111) (93,125) (95,124) (96,113) (112,117) (132,150) (100,133) (97,133) (108,144) (125,128) (115,132) (122,134) (129,144) (97,142) (116,150) (110,140) (129,131) (97,129) (95,103) (114,138) (99,136) (104,136) (121,140) (105,119) (101,128) (113,132) (114,126) (102,132) (118,127) (110,127) (98,141) (119,135) (93,119) (123,134) (122,145) (98,110) (118,129) (131,141) (103,126) (103,132) (115,142) (102,147) (98,126) (114,147) (102,134) (111,130) (100,103) (125,138) (103,134) (107,120) (120,123) (99,145) (100,141) (96,137) (127,141) (129,130) (95,138) (110,131) (122,137) (106,109) (111,126) (129,149) (108,148) (109,117) (121,150) (126,145) (108,120) (111,139) (100,101) (108,116) (96,97) (94,138) (104,131) (93,106) (109,145) (107,124) (95,115) (101,150) (96,99) (122,124) (118,146) (118,148) (104,123) (107,112) (104,149) (93,140) (111,142) (127,149) (102,128) (93,133) (130,140) (93,107) (94,133) (117,142) (94,129) (98,125) (93,128) (105,125) (94,146) (104,140) (94,103) (100,102) (96,129) (98,113) (97,135) (105,132) (142,150) (108,136) (110,123) (119,127) (100,118) (99,141) (94,117) (122,148) (119,141) (104,146) (127,133) (111,115) (102,142) (105,114) (112,129) (132,137) (102,109) (109,146) (117,147) (121,139) (112,148) (116,127) (122,138) (106,136) (95,150) (110,141) (94,119) (93,101) (100,148) (107,128) (122,126) (111,125) (98,142) (117,125) (100,124) (124,140) (106,140) (107,130) (133,135) (140,149) (103,144) (100,105) (129,138) (101,105) (114,141) (126,139) (109,120) (132,141) (105,124) (96,135) (93,143) (122,144) (93,121) (132,146) (113,133) (116,123) (112,149) (114,134) (100,119) (95,101) (113,139) (112,130) (106,148) (103,104) (95,113) (112,150) (114,125) (109,142) (96,149) (131,135) (115,139) (132,142) (102,113) (106,131) (94,112) (95,108) (114,116) (98,147) (100,129) (118,142) (102,126) (95,116) (95,137) (98,100) (106,122) (105,148) (107,142) (106,132) (99,100) (114,150) (97,118) (112,142) (101,149) (104,119) (102,123) (97,111) (113,120) (117,128) (117,138) (120,130) (123,128) (98,149) (99,108) (120,137) (123,130) (105,149) (122,131) (98,108) (111,129) (99,102) (128,131) (111,150) (108,131) (111,118) (117,149) (105,128) (104,116) (100,145) (128,145) (97,117) (131,147) (114,115) (93,109) (134,143) (105,138) (136,141) (126,148) (98,103) (107,139) (104,114) (135,150) (101,116) (101,103) (122,149) (98,105) (105,130) (97,130) (101,139) (120,133) (119,123) (123,140) (116,117) (117,131) (100,111) (122,136) (94,134) (111,143) (135,139) (93,120) (112,116) (105,116) (95,144) (119,144) (101,109) (113,136) (125,137) (94,116) (112,122) (98,99) (100,107) (110,120) (124,143) (95,118) (95,122) (99,134) (107,135) (116,125) (115,145) (105,118) (120,149) (106,121) (102,124) (107,144) (121,143) (106,126) (115,125) (95,98) (102,141) (124,130) (118,145) (99,120) (97,114) (120,148) (94,149) (113,117) (136,150) (110,116) (109,149) (109,124) (106,110) (102,103) (116,144) (108,124) (110,136) (106,124) (103,135) (97,116) (94,106) (112,132) (110,124) (94,143) (130,150) (110,139) (95,104) (103,110) (109,122) (93,102) (113,130) (112,144) (128,150) (126,137) (125,145) (97,145) (95,132) (106,134) (101,110) (98,127) (111,127) (112,114) (95,109) (98,101) (101,130) (109,118) (119,140) (108,119) (93,134) (107,117) (94,120) (100,117) (99,124) (93,104) (105,120) (99,130) (112,118) (98,122) (121,135) (104,111) (100,143) (100,109) (104,141) (121,137) (113,134) (103,138) (104,150) (98,117) (107,148) (95,126) (128,140) (123,141) (97,121) (102,148) (108,140) (102,112) (111,133) (94,141) (96,144) (110,144) (106,141) (112,127) (111,116) (106,139) (95,107) (104,120) (98,109) (117,134) (105,142) (110,147) (124,137) (108,133) (130,139) (123,144) (109,116) (96,98) (97,113) (97,110) (113,140) (124,129) (103,121) (95,128) (108,138) (98,132) (99,111) (112,146) (96,114) (103,140) (107,115) (101,134) (101,107) (93,141) (101,123) (119,125) (100,132) (104,145) (93,132) (110,126) (106,130) (122,130) (124,150) (114,133) (105,111) (107,129) (109,111) (107,127) (97,140) (96,125) (96,139) (131,134) (96,108) (114,120) (103,128) (97,148) (94,96) (95,143) (107,137) (96,124) (113,147) (94,140) (105,115) (99,129) (93,137) (109,115) (121,130) (104,112) (106,111) (106,113) (122,150) (99,127) (103,114) (107,146) (120,150) (123,139) (116,148) (107,150) (104,138) (112,139) (98,133) (98,148) (98,102) (93,127) (101,120) (97,98) (116,141) (118,121) (94,118) (94,122) (114,130) (120,139) (96,110) (121,127) (109,141) (117,148) (95,117) (95,111) (110,119) (98,138) (115,133) (104,118) (93,94) (101,125) (106,138) (108,126) (99,123) (94,113) (113,148) (103,139) (112,138) (130,138) (102,114) (97,139) (118,123) (96,138) (93,136) (103,145) (108,110) (104,130) (112,143) (98,104) (96,142) (112,113) (105,150) (120,147) (93,124) (102,122) (93,146) (95,100) (120,121) (94,115) (93,148) (102,150) (97,141) (115,118) (97,100) (95,121) (120,144) (93,135) (101,142) (95,106) (99,113) (98,130) (94,144) (114,145) (120,124) (101,138)
r:
5 10 7 9 5 2 10 4 9 4 3 5 7 8 8 6 3 2 5 5 5 3 2 5 9 4 5 5 8 3 2 9 9 4 5 3 4 5 6 6 3 8 4 2 8 7 4 10 6 5 3 2 7 8 4 3 9 3
t
1 2 6 5 6 7 3 3 6 4 4 5 2 8 5 9 2 7 8 1 7 2 9 4 9 4 9 1 2 2 1 2 3 1 4 4 8 6 2 6 8 4 1 9 6 1 3 4 6 8 5 6 4 9 5 8 3 2
tрн
489
tд
610
G4:
V4
151 152 153 154 155 156
A4
(153,154) (151,152) (151,153) (153,155) (152,153) (155,156) (154,155) (152,154) (151,155) (151,154) (152,155) (154,156)
r:
3 8 8 9 9 4
t
8 5 9 9 4 5
tрн
3
tд
6
G5:
V5
157 158 159 160 161 162 163 164 165 166 167 168 169 170 171 172 173 174 175 176 177 178 179 180 181 182 183 184 185 186 187 188 189
A5
(158,173) (166,174) (159,160) (180,188) (178,185) (169,181) (180,183) (184,188) (164,171) (157,176) (180,185) (181,187) (159,188) (175,188) (176,180) (171,180) (180,189) (162,168) (178,188) (171,187) (158,166) (172,185) (160,166) (163,170) (173,186) (165,168) (171,185) (166,175) (162,186) (185,188) (162,179) (176,177) (162,184) (173,181) (166,173) (185,187) (184,187) (159,164) (188,189) (157,179) (173,180) (182,186) (172,183) (176,185) (159,178) (185,186) (158,172) (160,162) (178,183) (178,180) (164,188) (164,166) (187,188) (166,189) (185,189) (160,174) (168,169) (176,183) (164,185) (171,183) (171,181) (168,177) (173,182) (163,185) (179,182) (162,185) (167,176) (179,188) (169,171) (167,180) (179,185) (182,183) (181,186) (173,184) (172,177) (182,188) (183,188) (167,179) (180,182) (183,185) (171,178) (186,188) (159,186) (167,187) (173,183) (167,181) (178,179) (176,182) (160,181) (179,184) (166,170) (168,181) (180,184) (178,189) (171,177) (174,185) (166,182) (163,166) (175,184) (178,182) (181,185) (171,174) (160,176) (176,178) (158,164) (186,187) (162,164) (163,178) (187,189) (177,179) (172,182) (179,187) (173,178) (158,179) (172,175) (181,188) (165,185) (161,181) (169,177) (184,185) (177,182) (174,182) (166,168) (173,176) (165,187) (175,180) (161,165) (174,184) (175,178) (160,161) (179,186) (161,162) (182,185) (164,165) (165,183) (161,176) (163,176) (160,182) (170,175) (167,184) (163,177) (166,179) (175,186) (170,174) (170,180) (172,174) (183,186) (176,187) (180,186) (172,176) (177,189) (162,178) (177,180) (168,171) (175,182) (164,178) (158,168) (173,175) (175,183) (163,183) (178,184) (176,184) (162,166) (169,184) (157,189) (168,180) (167,183) (166,167) (161,180) (166,181) (162,171) (183,184) (160,169) (160,164) (170,182) (165,171) (172,180) (167,175) (159,169) (174,178) (177,185) (164,175) (183,189) (175,185) (174,176) (159,180) (162,176) (166,184) (173,185) (168,185) (174,179) (177,188) (169,185) (161,188) (177,187) (167,173) (161,187) (177,183) (181,183) (161,185) (170,188) (169,176) (173,189) (159,162) (167,168) (178,186) (169,170) (158,174) (160,168) (162,182) (162,175) (167,188) (168,170) (171,188) (174,186) (183,187) (175,187) (161,166) (160,177) (159,174) (177,181) (167,171) (161,178) (177,186) (182,184) (161,172) (166,171) (173,177) (172,179) (169,188) (174,188) (170,179) (162,177) (158,188) (182,187) (178,181) (162,187) (163,186) (161,182) (164,179) (168,187) (186,189) (171,186) (164,172) (159,163) (157,182) (170,189) (179,181) (170,178) (167,172) (157,171) (161,175) (163,180) (157,169) (157,165) (161,186) (173,187) (157,167) (170,184) (168,175) (170,173) (172,173) (164,169) (180,187) (172,181) (176,181) (163,174) (159,173) (175,177) (158,165) (160,189) (168,174) (165,167) (161,170) (159,161) (157,175) (166,187) (168,184) (158,186) (181,184) (164,180) (157,158) (174,183) (178,187) (172,188) (184,189) (158,171) (166,177) (174,181) (170,187) (157,174) (163,187) (163,179) (176,186) (174,180) (159,165) (163,181) (172,186) (176,179) (170,186) (165,166) (163,175) (171,172) (184,186) (157,180) (181,182) (176,188) (157,183) (169,178) (169,180) (171,184) (160,172) (160,165) (181,189) (170,183) (164,181) (159,170) (167,178) (159,189) (163,169) (157,178) (157,187) (173,174) (169,172) (162,180) (168,173) (164,183) (158,169) (170,176) (157,159) (165,173) (167,177) (164,167) (157,177) (179,189) (161,183) (160,173) (180,181) (177,178) (166,188) (157,168) (175,176) (161,184) (164,176) (165,170) (159,183) (176,189) (172,189) (174,177) (160,185) (182,189) (165,174) (166,180) (163,167) (169,183) (163,172) (158,160) (158,180) (170,181) (161,168) (158,183) (169,182) (169,173) (165,181) (162,169) (171,176) (163,184)
r:
5 1 4 7 5 3 7 5 8 4 6 8 3 8 2 9 6 6 2 9 4 4 7 1 9 2 8 6 3 3 7 10 5
t
6 8 9 6 2 8 5 5 9 7 4 1 4 1 6 2 4 2 4 2 3 5 1 4 3 7 4 5 1 3 6 6 6
tрн
43
tд
164
G6:
V6
190 191 192 193 194 195 196 197 198 199 200 201 202 203 204 205 206 207 208 209 210 211 212 213 214 215 216 217 218 219 220 221 222 223 224 225 226 227 228 229 230 231 232 233 234 235 236 237 238 239 240 241 242 243 244 245 246 247 248 249 250
A6
(201,213) (209,240) (230,238) (210,237) (207,249) (219,222) (194,219) (206,241) (202,206) (238,244) (211,229) (219,250) (219,241) (197,234) (218,224) (211,241) (238,246) (219,247) (198,219) (196,211) (203,215) (213,235) (214,232) (212,242) (192,225) (194,231) (243,249) (205,236) (243,247) (223,239) (220,229) (234,239) (218,243) (205,233) (209,221) (246,248) (215,218) (204,216) (225,247) (208,234) (209,237) (200,239) (232,238) (201,247) (213,243) (191,221) (239,245) (236,249) (197,230) (204,239) (218,242) (227,242) (203,241) (210,248) (205,242) (197,248) (225,229) (225,233) (204,228) (206,225) (225,248) (208,221) (235,243) (235,245) (212,233) (202,222) (198,200) (195,217) (209,224) (200,244) (205,248) (219,249) (191,246) (221,249) (194,212) (219,228) (205,231) (204,234) (224,242) (227,243) (193,204) (249,250) (237,240) (205,237) (229,237) (220,227) (190,237) (229,238) (192,206) (247,250) (247,249) (196,204) (236,243) (207,231) (209,214) (232,249) (245,249) (246,249) (200,211) (246,247) (229,232) (237,238) (224,236) (234,248) (225,232) (219,242) (214,217) (192,215) (220,222) (242,249) (220,232) (194,235) (196,238) (203,206) (224,232) (222,226) (244,250) (212,243) (210,236) (222,249) (233,237) (221,235) (228,234) (242,250) (199,225) (234,245) (193,203) (201,214) (201,206) (190,231) (206,229) (219,236) (228,240) (230,246) (222,224) (233,239) (220,239) (228,236) (218,219) (203,213) (218,236) (191,232) (213,244) (236,241) (244,245) (236,247) (211,235) (240,249) (198,249) (216,244) (217,238) (234,240) (235,239) (208,220) (194,220) (235,249) (200,234) (216,240) (208,224) (217,230) (241,249) (212,244) (201,216) (193,221) (196,207) (222,243) (225,242) (231,241) (210,226) (216,222) (218,232) (229,230) (212,226) (232,243) (206,245) (213,247) (192,250) (203,230) (210,232) (190,212) (226,248) (237,247) (225,234) (200,242) (220,237) (214,215) (239,246) (239,240) (196,248) (217,223) (227,246) (206,211) (201,240) (213,216) (192,238) (240,247) (206,232) (214,230) (220,221) (199,230) (233,241) (205,212) (203,223) (195,198) (228,244) (200,216) (236,237) (222,223) (201,230) (228,243) (211,246) (193,247) (223,234) (239,241) (205,221) (237,246) (227,231) (192,199) (219,234) (229,239) (227,232) (226,243) (244,247) (197,219) (231,245) (228,233) (218,222) (218,229) (240,248) (220,226) (204,209) (223,237) (214,235) (207,222) (238,239) (205,243) (228,238) (214,246) (229,248) (248,249) (198,245) (190,226) (225,250) (210,213) (241,242) (223,227) (211,250) (243,248) (222,227) (194,204) (208,235) (242,245) (207,229) (245,247) (214,225) (247,248) (239,242) (216,236) (194,224) (244,246) (221,240) (216,249) (226,235) (234,238) (232,247) (199,227) (232,237) (200,231) (215,246) (218,221) (234,246) (224,233) (216,217) (234,241) (238,249) (194,223) (218,230) (208,222) (203,244) (237,242) (236,245) (239,249) (198,233) (194,199) (213,220) (245,248) (207,243) (220,244) (202,247) (209,231) (236,248) (205,218) (194,245) (235,237) (205,240) (206,227) (195,235) (243,250) (231,238) (196,201) (235,248) (214,228) (198,231) (219,230) (194,236) (221,244) (221,223) (202,203) (236,246) (240,246) (204,217) (225,243) (230,247) (218,246) (209,228) (204,235) (209,218) (217,237) (199,204) (209,239) (207,214) (212,213) (220,240) (232,248) (192,236) (194,232) (237,239) (226,234) (207,226) (211,242) (193,230) (227,230) (238,250) (210,247) (223,245) (191,217) (211,212) (226,237) (215,232) (196,245) (199,203) (190,239) (210,246) (238,245) (248,250) (193,225) (193,196) (201,243) (194,202) (197,249) (196,205) (231,234) (239,244) (243,246) (225,241) (190,217) (217,233) (213,227) (207,217) (204,243) (241,246) (246,250) (212,232) (234,243) (194,218) (222,235) (232,240) (208,241) (222,239) (226,238) (204,210) (215,222) (232,234) (223,240) (197,221) (208,243) (207,244) (206,216) (219,233) (211,233) (198,218) (240,243) (210,227) (209,248) (201,217) (210,244) (218,241) (207,238) (200,205) (197,206) (211,225) (234,236) (198,210) (191,200) (232,241) (192,214) (236,238) (193,228) (204,222) (195,231) (198,247) (245,246) (208,225) (203,248) (194,240) (215,238) (201,245) (213,222) (244,249) (212,224) (210,231) (199,247) (194,215) (243,244) (203,238) (208,212) (210,228) (218,220) (222,242) (194,195) (192,201) (237,244) (216,230) (225,227) (208,211) (209,236) (211,220) (217,224) (216,234) (211,223) (204,219) (198,227) (220,224) (215,223) (218,225) (197,241) (210,250) (193,229) (211,244) (196,244) (195,245) (192,209) (209,244) (232,235) (199,236) (214,218) (194,243) (232,246) (234,237) (214,233) (214,240) (196,217) (202,231) (217,218) (216,224) (221,230) (211,216) (230,242) (224,249) (223,236) (198,216) (198,224) (219,235) (216,245) (231,239) (241,243) (241,244) (201,223) (200,230) (204,244) (218,244) (232,242) (222,248) (243,245) (197,226) (210,215) (207,230) (212,249) (191,204) (229,250) (204,246) (194,230) (198,202) (202,250) (201,224) (199,231) (221,238) (190,209) (223,232) (206,246) (227,237) (192,222) (225,230) (193,226) (193,232) (201,202) (207,247) (237,248) (240,242) (215,235) (221,226) (203,235) (214,229) (212,231) (231,244) (221,245) (224,234) (197,225) (192,212) (197,200) (240,250) (190,218) (231,248) (211,226) (203,239) (229,245) (203,209) (196,229) (197,243) (223,242) (226,246) (242,244) (194,216) (241,245) (219,239) (192,231) (202,215) (228,248) (213,249) (196,216) (198,243) (242,248) (221,224) (194,226) (210,238) (199,238) (198,229) (234,235) (217,247) (231,232) (221,241) (222,247) (220,235) (205,215) (227,250) (206,221) (203,228) (242,247) (215,239) (227,236) (191,192) (212,215) (199,249) (205,235) (241,248) (206,236) (191,198) (207,212) (203,208) (192,247) (195,226) (230,231) (190,238) (230,232) (211,240) (215,241) (195,211) (228,231) (205,238) (195,244) (209,249) (212,239) (235,250) (234,247) (190,223) (237,249) (200,226) (211,213) (242,243) (225,240) (201,229) (235,241) (190,244) (233,242) (209,215) (196,212) (238,243) (208,248) (193,242) (211,232) (210,220) (207,220) (190,249) (198,239) (230,249) (208,218) (237,241) (202,244) (216,221) (191,235) (200,204) (213,250) (213,219) (204,208) (217,226) (193,210) (209,250) (204,224) (210,235) (226,231) (229,244) (198,201) (207,208) (235,238) (196,247) (236,242) (194,247) (215,233) (193,214) (190,222) (197,215) (199,213) (193,222) (224,225) (235,246) (208,214) (236,239) (208,238) (207,234) (193,233) (201,208) (207,239) (240,245) (236,240) (210,243) (192,223) (229,236) (226,239) (201,246) (202,240) (221,242) (200,232) (208,223) (194,198) (210,234) (205,219) (223,229) (209,247) (221,229) (230,234) (190,248) (198,220) (236,244) (193,215) (213,236) (223,241) (214,224) (218,245) (210,225) (232,236) (207,241) (200,212) (224,237) (208,242) (198,203) (225,244) (226,241) (195,225) (225,245) (196,208) (197,229) (221,236) (204,233) (214,248) (202,234) (231,243) (199,223) (229,243) (238,240) (191,199) (231,233) (195,240) (205,224) (196,225) (218,250) (233,248) (195,215) (227,247) (245,250) (237,243) (223,233) (229,233) (224,235) (197,245) (196,220) (192,213) (239,250) (226,245) (198,217) (192,230) (220,245) (191,237) (213,215) (209,220) (190,228) (214,244) (221,248) (203,204) (218,233) (191,202) (209,219) (238,241) (210,212) (207,223) (213,229) (195,237) (216,220) (227,228) (201,237) (230,237) (223,230) (196,198) (216,225) (215,220) (204,223) (239,247) (226,229) (211,214) (219,227) (202,228) (238,242) (223,244) (201,239) (211,228) (204,207) (223,225) (228,246) (200,229) (196,210) (190,219) (197,211) (193,217) (193,249) (233,244) (225,235) (213,232) (200,217) (197,236) (208,228) (212,225) (217,235) (203,222) (203,229) (203,210) (194,196) (190,204) (200,210) (210,221) (210,240) (221,228) (225,228) (228,229) (208,219) (214,219) (231,246) (208,240) (213,248) (227,244) (222,238) (205,249) (192,219) (216,218) (200,240) (190,202) (234,249) (193,238) (222,230) (210,223) (198,240) (205,211) (219,245) (239,248) (231,236) (212,238) (226,233) (190,235) (214,236) (209,235) (199,239) (198,211) (233,240) (241,247) (197,244) (238,248) (193,206) (232,233) (192,218) (231,235) (229,235) (220,247) (238,247) (244,248) (240,244) (192,194) (209,216) (198,244) (202,249) (193,236) (218,223) (213,223) (203,247) (212,248) (215,242) (210,214) (229,242) (225,231) (200,203) (207,216) (191,194) (206,243) (233,243) (207,221) (190,213) (233,246) (195,234) (227,235) (205,214) (221,233) (211,219) (202,225) (207,232) (219,248) (213,226) (214,227) (206,213) (199,210) (220,225) (203,234) (223,250) (196,222) (201,207) (199,250) (192,197) (194,213) (195,241) (209,230) (213,228) (204,227) (210,219) (203,212) (200,206) (193,246) (236,250) (230,240) (208,231) (209,243) (228,239) (217,225) (197,204) (206,207) (205,213) (193,248) (206,226) (201,218) (239,243) (200,219) (226,249) (214,226) (208,236) (197,205) (213,239) (193,223) (217,236) (211,215) (211,238) (229,240) (204,238) (212,241) (232,250) (214,234) (196,233) (213,217) (224,226) (230,243) (227,233) (215,247) (199,200) (199,243) (212,220) (216,241) (217,245) (204,214) (193,195) (218,248) (228,232) (230,235) (215,227) (204,241) (195,196) (231,249) (215,245) (219,238) (228,230) (222,236) (224,244) (222,225) (213,218) (220,242) (201,232) (234,242) (222,231) (202,221) (193,211) (195,208) (219,231) (200,248) (197,203) (197,231) (218,240) (233,247) (205,222) (210,233) (215,234) (206,222) (221,250) (227,240) (230,236) (232,244) (203,245) (200,241) (192,228) (190,230) (191,231) (224,229) (215,236) (220,236) (201,248) (206,218) (195,223) (197,239) (207,236) (211,217) (202,243) (218,235) (206,235) (201,222) (207,240) (203,227) (222,240) (208,237) (197,212) (217,221) (224,243) (212,223) (200,227) (213,237) (191,209) (214,221) (200,213) (217,232) (209,226) (208,209) (233,235) (205,247) (200,222) (221,247) (198,213) (198,212) (215,229) (191,215) (215,244) (237,245) (192,232) (197,232) (225,236) (230,250) (206,220) (195,202) (203,236) (205,234) (198,237) (227,245) (207,227) (216,242) (212,227) (191,225) (231,237) (233,238) (216,231) (214,243) (225,226) (216,235) (202,248) (194,210) (230,244) (217,239) (215,231) (199,206) (217,231) (216,238) (195,238) (223,226) (201,226) (197,247) (220,228) (226,247) (209,210) (233,234) (196,232) (190,221) (197,240) (209,234) (200,223) (192,204) (199,215) (242,246) (190,236) (218,249) (215,249) (192,240) (229,247) (196,242) (231,250) (218,237) (196,249) (229,241) (214,238) (196,203) (221,222) (198,209) (195,246) (228,235) (202,230) (229,231) (224,250) (230,239) (208,210) (213,242) (206,215) (222,232) (226,230) (221,239) (196,202) (219,244) (221,225) (201,227) (206,230) (204,226) (206,219) (207,209) (215,221) (217,219) (224,240) (231,242) (194,246) (227,229) (227,241) (193,240) (201,220) (208,227) (220,230) (194,241) (211,227) (230,248) (196,240) (203,237) (224,230) (219,223) (222,246) (191,193) (229,246) (227,238) (202,219) (217,227) (219,220) (210,224) (201,236) (193,224) (221,227) (205,250) (208,247) (205,206) (221,232) (223,228) (191,206) (216,233) (199,244) (214,237) (190,243) (195,247) (208,233) (195,243) (201,211) (231,247) (200,250) (201,210) (210,241) (209,212) (228,242) (214,239) (205,210) (193,216) (216,243) (222,228) (212,230) (199,246) (198,234) (196,224) (212,219) (202,220) (192,202) (202,239) (235,242) (196,219) (190,225) (228,245) (215,228) (223,246) (193,213) (196,206) (203,214) (215,243) (207,218) (190,246) (193,219) (214,223) (210,211) (223,249) (220,241) (211,249) (230,241) (191,233) (210,249) (206,247) (194,229) (237,250) (192,193) (205,246) (194,214) (217,241) (222,250) (192,237) (212,234) (199,216) (212,235) (204,231) (218,234) (191,197) (199,201) (212,218) (222,244) (209,232) (233,236) (205,230) (197,228) (211,236) (213,224) (221,243) (208,244) (203,220) (201,241) (198,214) (199,248) (220,231) (206,238) (214,220) (192,200) (211,234) (225,239) (216,248) (217,250) (195,229) (197,214) (196,226) (196,241) (219,237) (224,245) (202,229) (198,205) (218,239) (207,246) (203,232) (222,229) (218,228) (217,228) (212,221) (193,198) (195,227) (233,245) (200,215) (215,225) (201,221) (240,241) (228,247) (201,242) (214,231) (208,213) (206,228) (209,222) (197,201) (217,234) (219,226) (198,228) (191,212) (195,224) (218,238) (226,244) (192,229) (202,236) (194,211) (199,235) (215,250) (204,232) (199,226) (200,225) (198,199) (192,233) (211,245) (196,228) (225,249) (205,207) (195,219) (204,242) (192,220) (203,226) (216,228) (204,225) (190,207) (197,220) (227,234) (200,208) (224,238) (221,231) (193,205) (217,244) (190,233) (198,230) (191,249) (204,248) (218,227) (197,216) (202,212) (224,247) (199,237) (235,240) (219,240) (211,239) (223,238) (204,249) (198,241) (201,235) (214,242) (200,249) (221,234) (200,233) (197,222) (206,208) (205,225) (190,210) (211,222) (206,209) (224,239) (199,242) (214,249) (228,241) (234,250) (202,209) (202,232) (201,204) (227,248) (229,234) (220,233) (235,236) (219,221) (192,198) (226,228) (225,237) (193,241) (192,207) (192,245) (196,236) (204,213) (206,224) (195,213) (190,220) (199,241) (190,242) (213,214) (199,207) (197,207) (198,236) (195,230) (198,242) (191,243) (191,239) (201,234) (190,192) (210,230) (204,206) (192,226) (198,207) (220,243) (194,239) (199,209) (213,240) (222,233) (207,250) (192,208) (194,197) (211,224) (192,239) (206,249) (219,232) (216,239) (197,210) (209,227) (227,249) (209,217) (209,245) (198,226) (193,231) (190,208) (230,245) (194,208) (190,216) (212,247) (190,232) (204,215) (215,217) (202,211) (190,197) (223,247) (235,247) (195,206) (201,250) (191,248) (232,245) (206,223) (191,205) (191,223) (225,238) (190,200) (191,210) (204,230) (232,239) (210,222) (203,225) (205,232) (204,240) (200,243) (196,221) (209,229) (228,237) (217,220) (191,238) (199,233) (218,231) (190,205) (224,241) (207,210) (197,242) (207,248) (223,243) (209,225) (207,213) (197,237) (213,231) (212,214) (193,207) (190,247) (213,225) (217,243) (201,233) (203,231) (234,244) (219,229) (233,250) (206,239) (195,200) (215,219) (191,247) (209,242) (203,211) (210,239) (199,221) (192,249) (193,212) (195,250) (190,211) (199,245) (195,222) (203,243) (202,208) (192,221) (191,203) (216,223) (208,249) (213,234) (194,222) (220,250) (205,227) (210,217) (191,216) (203,246) (203,217) (197,202) (195,203) (219,243) (198,248) (212,217) (226,236) (208,229) (190,206) (193,245) (195,239) (195,216) (196,223) (193,201) (213,230) (228,250) (226,240) (213,233) (214,247) (205,229) (194,238) (200,202) (192,234) (202,216) (212,245) (194,225) (231,240) (220,238) (220,249) (226,232) (194,209) (197,224) (213,238) (207,215) (198,225) (216,232) (203,249) (194,248) (194,242) (193,235) (222,234) (202,205) (202,218) (211,221) (205,226) (202,214) (215,240) (195,214) (203,216) (194,244) (212,216) (197,217) (200,246) (206,244) (200,220) (211,248) (218,226) (194,203) (200,236) (190,199) (202,242) (211,237) (194,207) (219,224) (193,250) (241,250) (201,249) (210,218) (226,242) (222,245) (199,217) (207,237) (212,222) (229,249) (199,232) (196,215) (190,195) (207,228) (199,234) (202,235) (228,249) (195,232) (203,240) (206,250) (200,218) (208,230) (197,199) (205,216) (222,237) (191,244) (199,228) (206,240) (201,212) (196,197) (220,223) (206,237) (201,225) (200,247) (200,228) (192,195) (202,226) (220,248) (221,237) (205,220) (199,240) (196,227) (202,233) (200,235) (204,229) (214,245) (207,245) (216,246) (208,232) (215,224) (217,240) (212,236) (217,242) (203,219) (219,246) (201,231) (195,210) (202,224) (192,203) (220,246) (215,230) (208,239) (199,229) (219,225) (204,212) (215,248) (192,224) (226,250) (212,229) (216,219) (206,214) (194,205) (216,247) (196,243) (224,228) (196,235) (200,238) (205,245) (206,212) (196,239) (218,247) (215,216) (200,214) (209,211) (233,249) (204,250) (201,244) (196,213) (226,227) (194,217) (198,222) (209,213) (210,242) (225,246) (202,204) (200,245) (204,211) (208,245) (190,245) (198,223) (209,246) (220,234) (214,241) (202,213) (223,235) (204,236) (198,221) (203,242) (193,244) (206,234) (194,233) (192,248) (208,216) (211,230) (217,248) (209,241) (199,222) (205,239) (204,218) (197,233) (224,248) (191,220) (197,209) (191,234) (190,196) (192,246) (210,216) (202,210) (205,223) (197,218) (206,217) (191,242) (203,205) (191,213) (211,231) (200,201) (195,209) (208,246) (216,226) (190,193) (208,226) (224,246) (207,224) (191,195) (212,240) (191,240) (191,208) (190,240) (197,238) (194,221) (212,246) (190,194) (191,241)
r:
2 3 5 7 2 3 6 6 9 10 7 4 10 8 9 6 6 2 4 6 8 4 8 7 7 2 6 4 8 3 3 9 4 7 3 8 7 9 6 2 4 6 6 1 4 2 7 2 5 4 10 2 6 6 2 8 5 9 1 10 7
t
2 7 6 7 8 1 3 5 1 8 7 5 3 2 3 7 7 3 5 4 5 9 5 3 2 4 8 6 4 3 8 8 6 4 2 8 9 4 6 1 4 5 4 4 3 6 2 3 8 1 7 6 5 6 2 3 3 4 5 5 3
tрн
600
tд
695
