n 90
m 6
k 4
G1:
V1
1 2 3 4 5 6 7 8 9 10 11 12 13 14 15 16 17 18 19 20 21 22 23 24 25 26 27
A1
(4,8) (16,24) (22,23) (11,12) (8,17) (10,20) (11,24) (6,8) (4,16) (20,23) (19,23) (3,17) (2,21) (10,22) (15,25) (12,26) (7,25) (16,27) (2,16) (5,26) (12,18) (17,20) (26,27) (12,22) (3,27) (23,26) (9,24) (25,26) (5,16) (11,17) (14,19) (8,24) (21,25) (11,20) (12,13) (9,25) (22,25) (12,23) (19,24) (2,7) (2,24) (18,20) (16,23) (21,27) (14,17) (1,5) (2,20) (7,18) (15,22) (19,27) (18,24) (2,18) (18,26) (9,11) (21,26) (2,6) (25,27) (8,16) (23,24) (4,17) (6,20)
r:
3 5 3 2 1 3 3 1 6 6 2 6 6 2 5 3 5 4 6 6 3 2 4 1 4 5 3
t
3 1 7 6 4 5 1 2 4 2 5 9 8 6 7 9 1 9 1 8 2 5 5 4 5 6 3
tрн
15
tд
31
G2:
V2
28 29 30 31 32 33 34 35 36 37 38 39 40 41 42 43 44 45 46 47 48 49 50 51 52 53 54 55 56
A2
(38,48) (34,37) (32,56) (35,43) (50,53) (43,46) (39,51) (29,36) (46,48) (43,45) (45,56) (33,51) (45,49) (29,50) (32,49) (51,52) (49,56) (46,53) (41,52) (47,53) (31,46) (52,53) (54,56) (43,44) (45,46) (42,45) (53,54) (54,55) (37,54)
r:
3 1 2 2 2 2 3 3 1 3 5 6 4 5 1 1 1 1 5 3 3 2 2 2 1 5 5 4 1
t
4 8 2 4 7 4 1 4 6 9 7 7 5 8 3 3 7 5 7 2 9 2 8 6 9 5 2 8 2
tрн
4
tд
13
G3:
V3
57 58 59 60 61 62 63 64 65 66 67 68 69 70 71 72 73 74 75 76 77 78 79 80 81 82
A3
(79,80) (72,77) (73,78) (76,79) (81,82) (68,70) (59,74) (66,69) (58,68) (60,65) (80,81) (67,71) (62,68) (62,71) (69,71) (61,77) (72,74) (76,77) (61,66) (74,80) (68,72) (72,79) (77,78) (69,76) (63,71) (71,72) (59,71) (63,76) (72,81) (77,81) (62,67) (63,67) (66,80) (62,80) (59,62) (69,82) (73,75) (73,76) (78,81) (60,72) (58,65) (76,80) (69,80) (57,72) (64,70) (57,81) (61,71) (65,72) (63,72) (59,75) (79,81) (59,77) (57,70) (72,80) (57,80) (70,71) (68,71) (66,78) (69,73) (69,79) (75,79) (62,64) (67,74) (74,76) (70,74) (57,63) (68,73) (73,79) (67,79) (63,75) (79,82) (67,77) (70,77) (64,72) (64,78) (64,65) (60,70) (61,70) (74,75) (62,76) (78,82) (75,78) (58,77) (58,61) (62,70) (57,65) (70,72) (58,66) (70,73) (63,80) (58,62) (65,78) (60,80) (65,70) (70,79) (62,79) (76,81) (67,73) (63,74) (65,76) (75,81) (78,80) (63,65) (59,72) (62,72) (69,75) (68,77) (70,80) (67,76) (70,78) (66,73) (57,62) (67,72) (65,79) (61,68) (76,78) (77,79) (62,66) (63,77) (73,81) (78,79) (68,80) (75,77) (58,81) (66,75) (70,75) (66,77) (71,82) (72,73) (66,67) (74,79) (59,64) (64,81) (73,82) (58,76) (67,81) (80,82) (74,81) (59,73) (67,75) (61,78) (70,76) (57,61) (73,77) (64,80) (69,74) (65,80) (69,70) (61,75) (72,76) (71,79) (63,64) (59,76) (61,65) (58,79) (61,64) (57,78) (68,81) (66,81) (71,74) (69,81) (65,73) (57,68) (60,61) (67,68) (66,74) (74,77) (58,70) (65,66) (58,63) (60,68) (71,81) (60,78) (59,66) (61,62) (73,74) (63,66)
r:
4 3 4 4 1 3 5 6 1 1 3 4 6 2 1 2 5 2 2 4 3 3 2 3 2 1
t
2 1 6 1 6 7 3 2 1 5 7 2 4 7 3 5 4 9 4 9 1 9 4 4 3 5
tрн
142
tд
250
G4:
V4
83 84 85 86 87 88 89 90
A4
(85,87) (87,88) (88,89) (86,87) (87,89) (85,89) (84,90) (84,88) (84,89) (83,88) (86,88) (85,88) (84,85) (85,90) (89,90) (87,90) (84,87) (88,90) (83,89)
r:
2 3 5 5 3 5 2 3
t
4 6 3 1 9 8 8 8
tрн
7
tд
13
