n 160
m 8
k 5
G1:
V1
1 2 3 4 5 6 7 8 9 10 11 12 13 14 15 16
A1
(6,12) (5,7) (11,12) (2,10) (13,15) (7,16) (12,13) (14,15) (5,15) (13,14) (1,9) (3,15) (1,14) (12,15) (1,5) (9,13) (11,14) (2,12) (6,14) (8,9) (9,11) (14,16) (2,3) (5,11) (4,7) (1,6) (4,14) (6,10) (8,13) (6,9) (12,16) (10,14) (2,5) (1,16) (15,16) (10,16) (2,6) (3,7) (7,9) (6,16) (3,9) (3,5) (7,13) (3,13) (10,15) (3,11) (13,16) (11,13) (8,10) (3,12) (5,14) (4,13) (4,8) (7,14) (1,2) (7,12) (1,7) (5,16) (9,10) (10,11) (9,15) (11,15) (1,8) (5,9) (12,14) (2,11) (4,12) (4,11) (1,15) (7,15) (8,11) (6,7) (4,6) (6,8) (11,16) (4,10) (1,4) (9,14) (6,11) (8,12) (9,12) (1,13) (9,16) (5,13) (10,12) (2,8) (1,10) (5,12) (3,6) (8,15) (5,6) (4,15) (7,8) (3,16) (10,13) (2,7) (7,11) (1,11) (2,15) (2,9) (6,13) (6,15) (2,14) (5,8) (3,4) (8,14) (7,10) (1,3) (2,4) (4,5) (4,9) (3,14) (1,12) (2,13) (3,8) (5,10) (3,10) (4,16) (2,16)
r:
2 8 2 2 6 5 5 6 6 4 5 2 5 2 4 5
t
5 1 6 8 1 8 6 7 9 2 1 7 1 2 7 9
tрн
22
tд
46
G2:
V2
17 18 19 20 21 22 23 24 25 26 27 28 29 30 31 32 33 34 35 36 37 38 39 40 41 42 43 44 45 46 47 48 49 50 51 52 53 54 55 56 57 58 59 60 61 62 63 64 65
A2
(52,64) (52,63) (31,43) (36,49) (44,54) (20,29) (56,64) (58,62) (27,61) (31,44) (40,46) (39,54) (59,63) (44,60) (47,62) (27,58) (49,58) (55,57) (32,48) (50,55) (50,53) (61,63) (26,36) (56,59) (21,41) (17,34) (39,52) (35,57) (39,56) (59,64) (55,58) (41,47) (21,50) (31,56) (26,64) (36,43) (42,48) (47,53) (42,50) (62,63) (53,62) (21,35) (57,62) (17,18) (39,44) (36,46) (36,55) (19,62) (24,31) (18,36) (28,30) (20,27) (22,45) (46,47) (25,56) (56,62) (57,59) (59,65) (30,51) (26,56) (29,43) (41,59) (33,61) (33,56) (42,62) (60,65) (32,61) (51,56) (26,59) (53,57) (34,44) (49,50) (43,59) (34,58) (28,32) (59,62) (33,36) (30,38) (41,58) (58,60) (37,39) (24,59) (29,50) (40,53) (54,59) (57,64) (37,63) (51,57) (26,51) (42,56) (41,52) (63,64) (44,49) (45,55) (57,61) (61,62) (25,58) (56,65) (55,59) (30,55) (31,46) (48,57) (48,54) (41,43) (42,47) (53,63) (44,59) (58,64) (17,50) (35,64) (39,48) (60,61) (53,64) (46,50) (56,57) (31,58) (23,45) (52,53) (64,65) (62,64) (50,57) (63,65) (20,64) (46,56) (45,58) (39,47) (36,54) (42,60) (44,51) (22,63) (21,28) (35,56) (46,62) (38,46) (61,64) (29,54) (23,24) (51,53) (43,52) (31,53) (33,37) (43,63) (18,58) (31,37) (45,50) (49,62) (19,33) (50,62) (18,51) (21,40) (54,62) (42,43) (41,56) (34,50) (30,49) (37,45) (56,58) (48,53) (51,58) (43,49) (52,60) (17,33) (47,58) (56,60) (57,58) (40,65) (32,54) (46,63) (42,54) (59,61) (19,27) (55,61) (62,65) (18,27) (21,53) (52,65) (53,61) (60,63) (35,52) (22,44) (38,45) (41,62) (45,54) (28,37) (27,49) (54,56) (32,41) (26,54) (47,51) (22,38) (55,60) (43,48) (23,39) (17,40) (35,39) (38,43) (59,60) (28,59) (53,59) (32,39) (29,47) (46,53) (27,59) (35,63) (17,44) (29,39) (42,61) (49,55) (32,63) (53,56) (34,62) (38,50) (33,43) (24,37) (32,34) (43,62) (25,38) (19,32) (51,62) (50,52) (42,57) (27,32) (55,62) (36,51) (61,65) (54,63) (35,44) (28,62) (17,32) (34,41) (33,50) (42,49) (41,61) (20,42) (44,46) (47,49) (36,38) (41,63) (38,49) (48,63) (54,60) (35,61) (43,50) (33,60) (60,64) (31,49) (27,56) (48,52) (31,33) (23,61) (21,64) (23,28) (34,43) (27,63) (39,45) (26,38) (33,38) (24,54) (27,33) (28,47) (30,41) (51,60) (26,40) (30,53) (27,54) (43,51) (19,65) (51,65) (52,57) (35,42) (48,51) (40,47) (19,36) (23,40) (25,35) (32,40) (42,51) (39,46) (45,60) (48,64) (50,64) (41,55) (25,30) (27,42) (35,55) (41,64) (49,54) (43,64) (28,54) (31,50) (50,59) (20,30) (25,61) (23,32) (46,52) (33,57) (38,39) (24,25) (18,19) (44,53) (41,42) (57,60) (21,22) (20,53) (44,55) (46,51) (54,55) (51,54) (46,64) (43,53) (29,53) (41,57) (17,56) (30,52) (35,41) (49,57) (26,62) (37,61) (29,63) (23,30) (22,37) (44,45) (41,51) (52,62) (28,64) (19,52) (20,43) (18,32) (30,33) (30,42) (28,57) (17,45) (40,49) (30,36) (38,48) (52,58) (49,56) (28,40) (20,47) (20,34) (24,58) (28,41) (20,50) (48,62) (33,39) (53,54) (47,52) (45,61) (27,46) (36,61) (34,46) (30,64) (31,61) (43,57) (18,52) (23,62) (22,64) (49,63) (34,42) (52,61) (23,49) (24,43) (35,53) (43,65) (29,56) (58,63) (17,20) (42,46) (50,56) (24,29) (23,50) (47,64) (38,56) (45,57) (35,38) (49,59) (19,64) (32,60)
r:
6 2 5 2 4 2 3 3 2 5 4 7 5 3 2 5 4 5 8 2 4 2 8 1 7 1 6 1 4 7 7 5 2 3 7 4 8 5 5 2 7 1 4 7 2 6 8 2 7
t
2 2 5 1 2 4 6 2 6 3 4 4 3 8 2 6 9 7 4 4 7 6 9 9 8 3 4 7 1 8 1 1 5 2 3 7 4 5 9 8 3 3 4 3 2 6 6 3 3
tрн
55
tд
109
G3:
V3
66 67 68 69 70 71 72 73 74 75 76 77 78 79 80 81 82 83 84 85 86 87 88 89 90 91 92 93 94 95 96 97 98 99 100 101 102 103 104 105 106 107 108 109 110 111 112 113 114 115 116
A3
(96,113) (72,98) (80,98) (74,108) (66,106) (69,103) (77,90) (91,102) (76,93) (104,110) (68,92) (75,101) (105,107) (103,105) (89,112) (96,97) (87,106) (67,100) (88,114) (83,88) (107,111) (76,102) (66,109)
r:
6 4 6 7 1 7 3 2 6 5 4 5 6 8 1 7 3 3 2 2 7 3 1 7 8 3 2 5 6 5 3 5 5 8 4 3 4 5 7 7 7 3 7 4 3 7 3 3 1 8 2
t
9 5 8 9 4 4 9 8 7 7 6 4 3 4 8 1 8 5 8 4 7 4 3 4 6 4 7 6 2 1 7 6 7 4 3 9 8 9 1 8 5 8 1 2 2 8 6 1 4 8 5
tрн
9
tд
12
G4:
V4
117 118 119 120 121 122 123 124 125 126
A4
(121,124) (119,122) (123,124) (122,125) (123,126) (117,125) (119,125) (121,126) (124,126) (120,121) (118,124) (123,125) (118,121) (122,126) (119,120) (125,126) (117,119) (118,120) (118,119) (117,122) (119,121) (119,124) (118,125) (118,122) (122,124) (120,122)
r:
5 5 1 8 6 8 1 7 2 2
t
5 5 8 7 4 7 5 8 4 1
tрн
13
tд
14
G5:
V5
127 128 129 130 131 132 133 134 135 136 137 138 139 140 141 142 143 144 145 146 147 148 149 150 151 152 153 154 155 156 157 158 159 160
A5
(136,138) (138,150) (145,152) (134,145) (148,152) (147,157) (145,158) (134,155) (159,160) (155,160) (156,158) (131,133) (156,157) (131,145) (153,158) (136,147) (143,152) (152,159) (138,147) (142,150) (156,159) (153,154) (135,159) (153,159) (139,149) (134,153) (158,159) (147,151) (136,154) (147,159) (127,132) (135,136) (129,140) (141,152) (131,143) (130,135) (151,160) (154,160) (141,147) (135,155) (138,155) (143,150) (136,137) (152,153) (131,134) (130,155) (132,134) (150,158) (151,159) (145,157) (139,151) (142,155) (143,157) (147,150)
r:
6 7 6 1 4 4 7 8 3 8 1 7 7 6 2 6 5 4 3 5 4 7 4 3 1 8 5 1 3 2 5 3 3 7
t
4 9 1 7 5 2 9 4 3 9 9 1 2 7 5 2 4 1 5 1 8 7 4 5 1 5 8 7 6 2 4 7 7 8
tрн
10
tд
20
