n 40
m 4
k 3
G1:
V1
1 2 3 4
A1
(2,3) (3,4)
r:
3 3 4 2
t
5 6 3 3
tрн
1
tд
2
G2:
V2
5 6 7 8 9 10 11 12 13 14 15 16 17 18 19 20 21 22 23 24 25 26 27 28 29 30 31 32 33 34
A2
(6,23) (25,31) (31,32) (31,33) (7,11) (8,24) (32,33) (9,26) (21,24) (15,31) (6,14) (25,34) (20,24) (19,27) (19,32) (22,23) (26,29) (29,32) (21,23) (10,25) (12,34) (21,22) (12,31) (21,29) (19,34) (7,21) (9,29) (23,29) (21,30) (6,19) (19,22) (7,13) (9,20) (16,31) (10,32) (5,20) (32,34) (5,24) (13,33) (22,31) (14,22) (33,34) (8,31) (10,31) (20,31) (19,24) (25,26) (10,22) (14,19) (27,28) (22,29) (24,27) (5,8) (30,33) (12,18) (18,21) (30,32) (23,27) (15,20) (5,34) (10,12) (8,27) (7,30) (12,30) (29,31) (18,23) (27,30) (23,34) (14,30) (20,32) (20,27) (9,25) (21,25) (18,33) (14,18) (10,23) (19,31) (18,20) (17,19) (5,22) (18,34)
r:
1 1 2 3 3 2 2 1 2 2 4 3 3 4 2 4 4 4 2 4 2 3 2 2 2 2 3 3 4 4
t
3 7 4 5 8 2 9 5 8 9 3 5 3 2 3 6 6 9 4 7 8 2 1 6 6 6 8 8 3 4
tрн
60
tд
127
G3:
V3
35 36 37 38 39 40
A3
(37,40)
r:
1 2 1 1 4 1
t
3 1 5 6 8 3
tрн
1
tд
2
